2
78 1
50 1
53 1
29 1
67 1
73 1
59 1
86 1
31 1
72 1
52 1
65 1
66 1
69 1
70 1
77 1
32 1
88 1
84 1
85 1
99 1
75 1
89 1
90 1
82 1
87 1
98 1
83 1
76 1
74 1
80 1
101 1
92 1
81 1
102 1
61 1
62 1
94 1
100 1
63 1
95 1
97 1
103 1
96 1
60 1
64 1
91 1
104 1
0 1
68 1
79 1
71 1
93 1
24 0
22 0
28 0
4 0
55 0
33 0
34 0
13 0
48 0
9 0
25 0
27 0
21 0
54 0
10 0
41 0
26 0
23 0
7 0
15 0
12 0
46 0
20 0
57 0
56 0
11 0
58 0
49 0
42 0
5 0
2 0
6 0
14 0
17 0
16 0
19 0
18 0
1 0
8 0
3 0
51 0
44 0
30 0
47 0
39 0
38 0
36 0
35 0
40 0
37 0
45 0
43 0
